2013-10-19


785244
785244
364774
951184
951184
687711
834849
380414
380414
380414
380414
044052
671424
687685
374667
374667
364774
969030
285534


2013-10-21


567983
567983
205413
205413
738199
761508


2013-11-02


205413
374667
374667
015989
285534
285534
002442
002442
002444
002444
733414


2013-11-10 (Wal-Mart)


007092047435
007092047436
007231000123
007231000162
007231000105


2013-11-17


285534
785244
374667
728126
617223
364774
044052


2013-12-14


938015
002442
002444
285534
285534


2014-01-04


374667
038484
286079
374667
364774
044052
002442
002444
709360
785244
285534
285534
761508
2014-01-12


567983
567983
015989
015989
015989
285534


2014-01-20


709360
709360
738199
002444


2014-01-22


120324
286079
938015
258914
761508
285534
285534


2014-01-28


258863
002444
002444
002442


2014-02-01


258914
761508
374667
709360
052405
002442
044052
002439
285534
285534
285534


2014-02-05


258863
258914
709360
002444
653032


2014-02-09


364774
567983
342903
374667
002444
002442


2014-02-12


258914
002439
002444
002442
052405
761508
258863


2014-02-15


258914
258863
761508
785244
002442
002444
709360
374667
285534
285534
2014-02-23


286079
258914
015989


2014-03-02


374667
374667
052405
002439
002442
738199
258863
286079
015989
015989
364774
002444
785244
567983
567983
285534
285534


2014-04-13


002259277707


2014-04-27


323658
323658
364774
015989
052405
258863
258914


2014-05-04
002442
988708
258863
258863
002444
002439
785244
653032
364774
015989
323658
323658


2014-05-11


258914


2014-05-18


258914
353646
002444